-51 0.16666666666666666
-42 0.3333333333333333
-41 0.125
-39 0.07692307692307693
-37 0.07142857142857142
-35 0.06666666666666667
-34 0.07692307692307693
-33 0.1
-32 0.10526315789473684
-31 0.06666666666666667
-30 0.09090909090909091
-29 0.10256410256410256
-28 0.12121212121212122
-27 0.125
-26 0.1702127659574468
-25 0.18181818181818182
-24 0.10294117647058823
-23 0.2
-22 0.20430107526881722
-21 0.18604651162790697
-20 0.15517241379310345
-19 0.23870967741935484
-18 0.136986301369863
-17 0.23109243697478993
-16 0.20869565217391303
-15 0.19047619047619047
-14 0.22419928825622776
-13 0.2262210796915167
-12 0.2765957446808511
-11 0.2505643340857788
-10 0.32589285714285715
-9 0.29246935201401053
-8 0.2885032537960954
-7 0.3367003367003367
-6 0.31086142322097376
-5 0.3270868824531516
-4 0.2966442953020134
-3 0.31056701030927836
-2 0.3380084151472651
-1 0.3613138686131387
1 0.3789868667917448
2 0.37367021276595747
3 0.3840078973346496
4 0.3929824561403509
5 0.394705174488568
6 0.40456182472989194
7 0.4276315789473684
8 0.45875542691751087
9 0.49719101123595505
10 0.46685082872928174
11 0.43706777316735823
12 0.5159128978224455
13 0.49201277955271566
14 0.4642857142857143
15 0.5364372469635628
16 0.48466257668711654
17 0.5310173697270472
18 0.5042492917847026
19 0.4792243767313019
20 0.5851851851851851
21 0.5564516129032258
22 0.5818181818181818
23 0.5635593220338984
24 0.5697674418604651
25 0.6481481481481481
26 0.5847953216374269
27 0.5607476635514018
28 0.5833333333333334
29 0.7032967032967034
30 0.5074626865671642
31 0.7105263157894737
32 0.6428571428571429
33 0.6444444444444445
34 0.6811594202898551
35 0.7096774193548387
36 0.6410256410256411
37 0.6410256410256411
38 0.8095238095238095
39 0.9473684210526315
40 0.8888888888888888
41 0.8
42 0.625
43 0.8695652173913043
44 0.8571428571428571
56 0.5
