0.000865 
0.002480 
0.003246 
0.003347 
0.001680 
0.001810 
0.003477 
0.001659 
-0.000000 
0.003245 
0.002051 
0.005562 
0.003701 
0.002269 
0.001869 
0.003997 
0.002592 
-0.000000 
0.002833 
0.002676 
-0.000000 
0.001741 
0.002246 
0.004121 
0.003464 
0.001969 
0.001765 
-0.000000 
0.003670 
0.002883 
0.003129 
0.002876 
0.002478 
-0.000000 
0.002532 
0.003006 
0.003581 
0.003226 
0.003457 
0.003982 
0.002496 
0.002593 
0.003334 
0.002010 
0.003187 
0.001586 
-0.000000 
0.002036 
0.002577 
0.002640 
0.002322 
0.001921 
0.004052 
0.001601 
0.003133 
0.003108 
0.002599 
0.002681 
0.003039 
0.003577 
0.003686 
0.002880 
0.003627 
0.001938 
0.002134 
0.004139 
0.002148 
0.002340 
0.002443 
0.002321 
0.002497 
0.003820 
0.003579 
0.003068 
0.002120 
0.003214 
0.002700 
0.003099 
0.002284 
0.002616 
0.005102 
0.002470 
0.002082 
0.003156 
0.002873 
0.002525 
0.002337 
0.001889 
0.002590 
0.002356 
0.002933 
0.001981 
0.002528 
0.002326 
0.003019 
0.005052 
0.001613 
0.002375 
0.003179 
0.002249 
0.002876 
0.001676 
0.003382 
0.002338 
0.002456 
0.002557 
0.003583 
0.003380 
0.003454 
0.003067 
0.005315 
0.000985 
0.001398 
0.002443 
-0.000000 
0.002541 
0.003555 
0.002718 
0.002447 
0.002691 
0.002837 
0.002635 
0.001557 
0.001944 
0.002337 
0.002053 
0.002134 
0.003665 
0.003287 
0.001183 
0.004507 
0.002913 
0.003698 
0.004508 
0.004520 
0.002676 
0.001891 
0.002223 
0.001932 
0.002066 
0.002565 
0.004883 
0.003601 
0.001749 
0.003111 
0.005162 
0.003201 
0.003112 
0.001665 
0.003097 
0.001878 
0.002244 
0.002854 
0.002511 
0.001501 
0.003998 
0.005404 
0.002247 
0.002481 
0.002610 
0.003563 
0.001346 
0.001871 
0.003075 
0.002261 
0.003380 
0.002274 
0.003770 
0.003081 
0.001882 
0.001863 
0.003657 
0.003309 
0.004100 
0.002519 
0.004189 
0.004663 
0.004092 
0.003781 
0.002311 
0.003114 
0.002038 
0.002331 
0.002542 
0.002976 
0.002018 
0.002776 
0.002230 
-0.000000 
0.001431 
0.002866 
0.003620 
0.002912 
0.002534 
0.003255 
0.002442 
0.002212 
0.002257 
0.002022 
0.003152 
0.004018 
-0.000000 
0.002370 
0.003157 
0.002618 
0.002424 
0.003781 
0.003698 
0.001428 
0.002456 
0.001832 
0.002238 
0.002590 
0.004431 
0.002220 
0.002687 
0.002247 
0.002734 
0.002466 
0.003518 
0.003021 
0.002653 
0.003953 
0.002890 
0.003266 
0.005227 
-0.000000 
0.004193 
0.004130 
0.002720 
0.002834 
0.004044 
0.003049 
0.002475 
0.002303 
0.003035 
0.002793 
0.004061 
0.002651 
0.002127 
0.001848 
0.001508 
0.003042 
0.003598 
0.003586 
0.002914 
0.002246 
0.002980 
0.001794 
0.003634 
0.002870 
0.003360 
0.002601 
0.001617 
0.003241 
0.002565 
0.002342 
0.002574 
0.002088 
0.002795 
0.003835 
0.002936 
0.001700 
0.002899 
0.002829 
0.002133 
0.002952 
0.002064 
0.002258 
0.002114 
0.003182 
0.003800 
0.002379 
0.003768 
0.002265 
0.002740 
0.002330 
0.002539 
0.003102 
0.002700 
0.001753 
0.003134 
0.003017 
0.002323 
0.003446 
0.003151 
0.003337 
0.004101 
0.002543 
0.003836 
0.001898 
0.003564 
0.004503 
0.002312 
0.002556 
0.003114 
0.003559 
0.002093 
0.002219 
0.003793 
0.003307 
0.002040 
0.002799 
0.001985 
0.003325 
0.002923 
0.002141 
0.002495 
0.003113 
0.001801 
0.002913 
0.002693 
0.002487 
0.003300 
0.002140 
0.002473 
0.004000 
0.002821 
0.002073 
0.001932 
0.002417 
0.001954 
0.002473 
0.003934 
0.002784 
0.002703 
0.002073 
0.004050 
0.003221 
0.002034 
0.003185 
-0.000000 
0.004374 
0.003484 
0.003195 
0.003648 
0.004672 
0.005177 
0.002676 
0.001991 
0.002430 
0.002067 
0.002732 
0.002884 
-0.000000 
-0.000000 
0.002629 
0.002958 
0.003017 
0.002533 
0.002856 
0.003325 
0.003240 
0.002386 
0.004576 
0.002992 
0.002398 
0.005294 
0.002849 
0.002884 
0.003421 
0.003723 
0.002969 
0.002435 
