-1 0.3613138686131387
-2 0.3380084151472651
-3 0.31056701030927836
-4 0.2966442953020134
-5 0.3270868824531516
-6 0.31086142322097376
-7 0.3367003367003367
-8 0.2885032537960954
-9 0.29246935201401053
-10 0.32589285714285715
-11 0.2505643340857788
-12 0.2765957446808511
-13 0.2262210796915167
-14 0.22419928825622776
-15 0.19047619047619047
-16 0.20869565217391303
-17 0.23109243697478993
-18 0.136986301369863
-19 0.23870967741935484
-20 0.15517241379310345
-21 0.18604651162790697
-22 0.20430107526881722
-23 0.2
-24 0.10294117647058823
-25 0.18181818181818182
-26 0.1702127659574468
-27 0.125
-28 0.12121212121212122
-29 0.10256410256410256
-30 0.09090909090909091
-31 0.06666666666666667
-32 0.10526315789473684
-33 0.1
-34 0.07692307692307693
-35 0.06666666666666667
-36 0.0
-37 0.07142857142857142
-38 0.0
-39 0.07692307692307693
-40 0.0
-41 0.125
-42 0.3333333333333333
-43 0.0
-45 0.0
-50 0.0
-51 0.16666666666666666
74 NaN
69 NaN
62 NaN
61 NaN
59 1.0
58 NaN
56 0.5
55 NaN
54 NaN
53 NaN
52 1.0
51 1.0
50 1.0
49 1.0
48 1.0
47 NaN
46 NaN
45 1.0
44 0.8571428571428571
43 0.8695652173913043
42 0.625
41 0.8
40 0.8888888888888888
39 0.9473684210526315
38 0.8095238095238095
37 0.6410256410256411
36 0.6410256410256411
35 0.7096774193548387
34 0.6811594202898551
33 0.6444444444444445
32 0.6428571428571429
31 0.7105263157894737
30 0.5074626865671642
29 0.7032967032967034
28 0.5833333333333334
27 0.5607476635514018
26 0.5847953216374269
25 0.6481481481481481
24 0.5697674418604651
23 0.5635593220338984
22 0.5818181818181818
21 0.5564516129032258
20 0.5851851851851851
19 0.4792243767313019
18 0.5042492917847026
17 0.5310173697270472
16 0.48466257668711654
15 0.5364372469635628
14 0.4642857142857143
13 0.49201277955271566
12 0.5159128978224455
11 0.43706777316735823
10 0.46685082872928174
9 0.49719101123595505
8 0.45875542691751087
7 0.4276315789473684
6 0.40456182472989194
5 0.394705174488568
4 0.3929824561403509
3 0.3840078973346496
2 0.37367021276595747
1 0.3789868667917448
